{
  "tracking_avgposes": {
    "0": {
      "center": [
        0.47017762017715486,
        0.25484129232467223,
        0.3882759414886416
      ],
      "corners": [
        [
          0.4567708855814866,
          0.29499855636850114,
          0.38546068207944056
        ],
        [
          0.5104290675341399,
          0.2681941012421141,
          0.3870120061329648
        ],
        [
          0.4835828606701651,
          0.21468402257914507,
          0.3910911897287126
        ],
        [
          0.4299260292745188,
          0.2414899302652216,
          0.38954000851420223
        ]
      ],
      "rotation_matrix": [
        [
          0.8942459284172842,
          -0.4475186498768427,
          -0.007160832459823237
        ],
        [
          -0.44681965280768576,
          -0.8916909369450157,
          -0.07238418912262129
        ],
        [
          0.02600802518317949,
          0.067928867078203,
          -0.9973511175326084
        ]
      ]
    },
    "5": {
      "center": [
        0.431143270255209,
        0.8045023498421051,
        0.41401706868870475
      ],
      "corners": [
        [
          0.4007010751380583,
          0.8052202411322924,
          0.4435294763932128
        ],
        [
          0.46069102462338285,
          0.805673422636312,
          0.44441888062050455
        ],
        [
          0.4615851022348635,
          0.8037516754083875,
          0.3844986966345041
        ],
        [
          0.40159496358560615,
          0.8033123635111927,
          0.3836023808912819
        ]
      ],
      "rotation_matrix": [
        [
          0.9998557889217018,
          0.016253751220938122,
          -0.004921070108162465
        ],
        [
          0.005505422681197636,
          -0.03610500607687095,
          0.9993328368753278
        ],
        [
          0.016065232051326005,
          -0.9992158145803323,
          -0.03618928310563896
        ]
      ]
    },
    "6": {
      "center": [
        0.8605818490078809,
        0.7962654970150993,
        0.12816849784160872
      ],
      "corners": [
        [
          0.8301121706432205,
          0.7972000345995085,
          0.15766988577899588
        ],
        [
          0.8901024913901701,
          0.7974760037308701,
          0.15860764059276747
        ],
        [
          0.8910542212143653,
          0.795319816345422,
          0.09866220022810188
        ],
        [
          0.8310633554197531,
          0.7950475443303601,
          0.09773339877517546
        ]
      ],
      "rotation_matrix": [
        [
          0.9999873206981182,
          -0.0010684156445530573,
          -0.004921070108162465
        ],
        [
          0.004879177560018149,
          -0.03619495502203795,
          0.9993328368753278
        ],
        [
          -0.0012458207482584245,
          -0.9993441768074516,
          -0.03618928310563896
        ]
      ]
    },
    "7": {
      "center": [
        1.2942734633286068,
        0.8083058728817158,
        0.40167809192623005
      ],
      "corners": [
        [
          1.2637928728417671,
          0.8091658010760281,
          0.43115957066845495
        ],
        [
          1.3237812597511993,
          0.8095272589419691,
          0.4321567293944344
        ],
        [
          1.3247535239480137,
          0.8074517638491371,
          0.3722016011459386
        ],
        [
          1.2647650413772926,
          0.8070890510523183,
          0.37120269887452984
        ]
      ],
      "rotation_matrix": [
        [
          0.9999521965548012,
          -0.008449122689303791,
          -0.004921070108162465
        ],
        [
          0.004611895857459639,
          -0.036229981497504,
          0.9993328368753278
        ],
        [
          -0.008621776025176301,
          -0.9993077607856709,
          -0.03618928310563896
        ]
      ]
    },
    "10": {
      "center": [
        0.00032570894741900183,
        0.7630669718259626,
        4.2500725161431774e-17
      ],
      "corners": [
        [
          -0.029663206441865087,
          0.7930829966164064,
          -1.3271720145381466e-05
        ],
        [
          0.03033651611562937,
          0.7930495375204958,
          9.72511139653839e-06
        ],
        [
          0.030313450130510927,
          0.7330520187732549,
          1.208807447397333e-05
        ],
        [
          -0.02968629710434229,
          0.7330852776853576,
          -1.0973966681354152e-05
        ]
      ],
      "rotation_matrix": [
        [
          0.999910482582827,
          0.013380090469733388,
          -8.673617379884037e-19
        ],
        [
          0.013380090469733388,
          -0.999910482582827,
          5.551115123125784e-17
        ],
        [
          0.0,
          -5.551778739489959e-17,
          -1.0
        ]
      ]
    },
    "12": {
      "center": [
        -0.0052026719776816326,
        0.38767082959695914,
        2.0816681711721685e-17
      ],
      "corners": [
        [
          -0.03514202264176321,
          0.4176597153561868,
          5.384164120146512e-05
        ],
        [
          0.024856130549034603,
          0.4175978396653146,
          5.710988646848505e-05
        ],
        [
          0.024737602851545967,
          0.3576352339652435,
          -9.141565536958565e-05
        ],
        [
          -0.03526134712867904,
          0.3577472929981691,
          -5.1986484708250486e-05
        ]
      ],
      "rotation_matrix": [
        [
          0.999974642052006,
          0.007121464242855849,
          -8.673617379884037e-19
        ],
        [
          0.007121464242855848,
          -0.9999746420520061,
          5.551115123125784e-17
        ],
        [
          -8.67388077164107e-19,
          -5.551592046797455e-17,
          -1.0
        ]
      ]
    },
    "13": {
      "center": [
        1.4721027585008986,
        0.39465377866297346,
        0.011616746724810431
      ],
      "corners": [
        [
          1.4413741185706659,
          0.4239046501124722,
          0.011229474882069875
        ],
        [
          1.5013553316100963,
          0.4253819706224462,
          0.011459932706378803
        ],
        [
          1.5028313509916533,
          0.3654031375421044,
          0.012004595872021047
        ],
        [
          1.4428501299761363,
          0.36392555296657714,
          0.011774578272296941
        ]
      ],
      "rotation_matrix": [
        [
          0.99971109900046,
          0.023725872050261367,
          0.003847275756578416
        ],
        [
          0.02376038474863693,
          -0.999675460911076,
          -0.009187870744878422
        ],
        [
          0.0036280369195022134,
          0.009276629112046988,
          -0.9999503895196142
        ]
      ]
    },
    "14": {
      "center": [
        0.0,
        0.0,
        0.0
      ],
      "corners": [
        [
          -0.030039519917578316,
          0.02996705801006711,
          -6.145318614513354e-05
        ],
        [
          0.029959843649690482,
          0.030039850809110903,
          -5.941641737084759e-05
        ],
        [
          0.030035930725827147,
          -0.029960991172894802,
          6.433808054691001e-05
        ],
        [
          -0.029963251462948766,
          -0.03003043676272794,
          4.7969655999912514e-05
        ]
      ],
      "rotation_matrix": [
        [
          1.0,
          -1.734723475976807e-18,
          -8.673617379884035e-19
        ],
        [
          1.734723475976807e-18,
          -1.0,
          5.551115123125783e-17
        ],
        [
          8.673617379884035e-19,
          5.551115123125783e-17,
          -0.9999999999999999
        ]
      ]
    },
    "15": {
      "center": [
        1.4879146967550214,
        0.01929526044608619,
        0.015126499280396204
      ],
      "corners": [
        [
          1.4571976357411243,
          0.04856130935711401,
          0.014703760773023173
        ],
        [
          1.5171790198525847,
          0.050026345040197706,
          0.014939500799574092
        ],
        [
          1.518627828429383,
          -0.00997611761224425,
          0.015557128413060664
        ],
        [
          1.4586458393352355,
          -0.01141541060796556,
          0.015335663151329877
        ]
      ],
      "rotation_matrix": [
        [
          0.9996881196483925,
          0.024675127215770053,
          0.003847275756578417
        ],
        [
          0.024709606058788858,
          -0.9996524488038805,
          -0.009187870744878424
        ],
        [
          0.003619226751815495,
          0.009280069896864529,
          -0.9999503895196145
        ]
      ]
    },
    "11": {
      "center": [
        1.458969213425215,
        0.7691478920639118,
        0.008125241631352205
      ],
      "corners": [
        [
          1.4282290628185164,
          0.7983841015925955,
          0.0077466013749842725
        ],
        [
          1.4881991888647785,
          0.7998643832025338,
          0.007960022697762784
        ],
        [
          1.489709148920195,
          0.7399101708454133,
          0.008502347240302993
        ],
        [
          1.4297303366764693,
          0.7384181570867779,
          0.00830174591377376
        ]
      ],
      "rotation_matrix": [
        [
          0.9995756275467458,
          0.02887495945940244,
          0.003847275756578416
        ],
        [
          0.028909288132047985,
          -0.9995398121590123,
          -0.009187870744878422
        ],
        [
          0.0035802058917777176,
          0.009295193669000603,
          -0.9999503895196142
        ]
      ]
    }
  },
  "tracking_tag1_index_avgposes": {
    "0": {
      "center": [
        1.2537421121429477,
        0.47241234735358323,
        0.3439264950363463
      ],
      "rotation_matrix": [
        [
          0.9995939612658727,
          0.006800786627590845,
          0.027670596344258516
        ],
        [
          0.008482893601707769,
          -0.9980934886677844,
          -0.0611345106720706
        ],
        [
          0.0272020792760961,
          0.061344414417430104,
          -0.9977459144004748
        ]
      ]
    },
    "1": {
      "center": [
        1.2164334707422673,
        0.46974293619076557,
        0.3455345371354812
      ],
      "rotation_matrix": [
        [
          0.9994479370028904,
          0.0046576067259194755,
          0.032895712794429086
        ],
        [
          0.006769495564185803,
          -0.9979023069370794,
          -0.06438291496555398
        ],
        [
          0.03252683738812251,
          0.06457005892239809,
          -0.9973829316467597
        ]
      ]
    },
    "2": {
      "center": [
        1.1803521303202402,
        0.469037373282724,
        0.3452766066482455
      ],
      "rotation_matrix": [
        [
          0.9991439160997442,
          0.005390137009187998,
          0.04101684219792008
        ],
        [
          0.008086964825071624,
          -0.9977954287482853,
          -0.06587020091773932
        ],
        [
          0.04057136823900507,
          0.06614551225931703,
          -0.9969848219943809
        ]
      ]
    },
    "3": {
      "center": [
        1.1452337900172245,
        0.47104542223930135,
        0.3423210382907589
      ],
      "rotation_matrix": [
        [
          0.9985862072645397,
          0.007721306458415346,
          0.05259247177683255
        ],
        [
          0.010933463505546945,
          -0.9980738935071409,
          -0.06106523131266234
        ],
        [
          0.05201966971054861,
          0.06155391560308193,
          -0.9967472445094263
        ]
      ]
    },
    "4": {
      "center": [
        1.1089203734313873,
        0.47091214539445925,
        0.3414937238367496
      ],
      "rotation_matrix": [
        [
          0.9984896867199632,
          0.008086941744326349,
          0.05434102397907107
        ],
        [
          0.011388446423774894,
          -0.9980896820593592,
          -0.06072305867378752
        ],
        [
          0.05374615150801883,
          0.06125020767206674,
          -0.9966743516606646
        ]
      ]
    },
    "5": {
      "center": [
        1.0721527588478148,
        0.4695077511470083,
        0.3416717475200495
      ],
      "rotation_matrix": [
        [
          0.9987298461177099,
          0.006510849336913646,
          0.049963019470483414
        ],
        [
          0.009717960507568058,
          -0.9978885889931444,
          -0.06421779504813985
        ],
        [
          0.04943941461293045,
          0.06462176721650026,
          -0.9966843891044683
        ]
      ]
    },
    "6": {
      "center": [
        1.0358289678521626,
        0.4691914775451832,
        0.34066864787181106
      ],
      "rotation_matrix": [
        [
          0.9988213181347552,
          0.007599956748576149,
          0.047939702720917875
        ],
        [
          0.01058092038298882,
          -0.9980052733106461,
          -0.062237597704211
        ],
        [
          0.04737107306573349,
          0.06267148555413493,
          -0.9969093571308472
        ]
      ]
    },
    "7": {
      "center": [
        1.0006841412230003,
        0.472021546662169,
        0.3369977572447156
      ],
      "rotation_matrix": [
        [
          0.998549242968622,
          0.009129043993867983,
          0.05306665546791328
        ],
        [
          0.012175914687614777,
          -0.9982782022249233,
          -0.05737924767801911
        ],
        [
          0.05245146774221017,
          0.05794213940072923,
          -0.9969410975646227
        ]
      ]
    },
    "8": {
      "center": [
        0.9652026636337078,
        0.47454436942156386,
        0.3336674847633272
      ],
      "rotation_matrix": [
        [
          0.9984974846552556,
          0.011504700957929265,
          0.053576254003022884
        ],
        [
          0.014519739027104246,
          -0.9983122087967774,
          -0.056230871822199435
        ],
        [
          0.0528389091078969,
          0.05692429730061188,
          -0.9969792746397085
        ]
      ]
    },
    "9": {
      "center": [
        0.9294496508291751,
        0.4761774611556272,
        0.3312728839776358
      ],
      "rotation_matrix": [
        [
          0.9986619089453697,
          0.013318936727205634,
          0.04996996644032429
        ],
        [
          0.016071488955167433,
          -0.9983518727685621,
          -0.055093061108174135
        ],
        [
          0.0491538285828721,
          0.055822433339669075,
          -0.9972300422027428
        ]
      ]
    },
    "10": {
      "center": [
        0.9294500671832098,
        0.4382412219335436,
        0.334374791684861
      ],
      "rotation_matrix": [
        [
          0.9990638022409569,
          0.009041431627585736,
          0.04230569188614958
        ],
        [
          0.011488108509127263,
          -0.9982532478290751,
          -0.05795236459011932
        ],
        [
          0.04170782198490647,
          0.05838412209520066,
          -0.9974225543231154
        ]
      ]
    },
    "11": {
      "center": [
        0.965609270044905,
        0.43801338025784603,
        0.33559982763753
      ],
      "rotation_matrix": [
        [
          0.9987007715370262,
          0.010167783719980722,
          0.04993380724090763
        ],
        [
          0.013145021198938072,
          -0.998132081478952,
          -0.05966201756707268
        ],
        [
          0.04923390446661623,
          0.0602408839304166,
          -0.9969689356014328
        ]
      ]
    },
    "12": {
      "center": [
        1.001233580368407,
        0.4362369117441645,
        0.3382664605320201
      ],
      "rotation_matrix": [
        [
          0.9984608469022489,
          0.00814337280221337,
          0.05486002809558389
        ],
        [
          0.011498109670242392,
          -0.9980644678262913,
          -0.06111555887523995
        ],
        [
          0.054256157966217626,
          0.06165227929303191,
          -0.9966219272024467
        ]
      ]
    },
    "13": {
      "center": [
        1.036749198634236,
        0.434022118995639,
        0.34144592368778665
      ],
      "rotation_matrix": [
        [
          0.9985327242475354,
          0.007977988361561845,
          0.0535607160939641
        ],
        [
          0.011304556960880636,
          -0.9980061799304554,
          -0.062095666616421685
        ],
        [
          0.05295852715770753,
          0.06261003531641224,
          -0.9966320172857001
        ]
      ]
    },
    "14": {
      "center": [
        1.0712755410302965,
        0.42989111746529346,
        0.346557323372875
      ],
      "rotation_matrix": [
        [
          0.9989762763534866,
          0.006377532738029788,
          0.044785336429435184
        ],
        [
          0.00927942672576851,
          -0.9978492915657045,
          -0.06488978010028063
        ],
        [
          0.044275179531690544,
          0.0652389331457609,
          -0.9968869494980057
        ]
      ]
    },
    "15": {
      "center": [
        1.106384655073076,
        0.42788150011214093,
        0.3496300528608308
      ],
      "rotation_matrix": [
        [
          0.9992141642140788,
          0.004112810095533943,
          0.03942256748460273
        ],
        [
          0.006698058046821479,
          -0.9978187893225579,
          -0.06567190946870732
        ],
        [
          0.03906648246721725,
          0.06588435677748361,
          -0.9970622154507991
        ]
      ]
    },
    "16": {
      "center": [
        1.144309404300029,
        0.43218431277630404,
        0.34655709293626724
      ],
      "rotation_matrix": [
        [
          0.9988622891981026,
          0.007200321019878283,
          0.04714109242621699
        ],
        [
          0.010121140262520147,
          -0.9980237948200061,
          -0.062016671088192366
        ],
        [
          0.04660139201475452,
          0.06242323566017183,
          -0.9969612078270658
        ]
      ]
    },
    "17": {
      "center": [
        1.1830721572839642,
        0.43683650579411804,
        0.3431773510283534
      ],
      "rotation_matrix": [
        [
          0.9986727351894736,
          0.009012764308288231,
          0.050710334929862
        ],
        [
          0.012035760110175108,
          -0.9981481586919048,
          -0.05962712284296767
        ],
        [
          0.05007902223232652,
          0.06015831928738774,
          -0.9969318272343254
        ]
      ]
    },
    "18": {
      "center": [
        1.2212995024227045,
        0.44088542146128096,
        0.3402321071276604
      ],
      "rotation_matrix": [
        [
          0.9987599514825369,
          0.010535876381050214,
          0.04865752381167625
        ],
        [
          0.013221885210308749,
          -0.9983869615082301,
          -0.05521464336431936
        ],
        [
          0.047997302695943565,
          0.05578951872212928,
          -0.9972882173848577
        ]
      ]
    },
    "19": {
      "center": [
        1.2597586975499453,
        0.4452988456787841,
        0.3368493908387721
      ],
      "rotation_matrix": [
        [
          0.9988999215523342,
          0.013124955481792964,
          0.0450186879677919
        ],
        [
          0.015382193840621738,
          -0.9986224430220588,
          -0.0501657692585743
        ],
        [
          0.04429824867181542,
          0.050803069161773406,
          -0.9977257706045055
        ]
      ]
    },
    "20": {
      "center": [
        1.2575016396055043,
        0.40428003395903855,
        0.3427298788592312
      ],
      "rotation_matrix": [
        [
          0.9993035793401823,
          0.011380044850036701,
          0.03553661347274194
        ],
        [
          0.013287368493848293,
          -0.9984576268328902,
          -0.053905595792475614
        ],
        [
          0.034868354655885295,
          0.05434024290012168,
          -0.9979134911630103
        ]
      ]
    },
    "21": {
      "center": [
        1.2180729327562465,
        0.398358551014816,
        0.34771752296513914
      ],
      "rotation_matrix": [
        [
          0.9992671809030577,
          0.0073766593535219225,
          0.03755910098548879
        ],
        [
          0.0096541111476158,
          -0.998102007598247,
          -0.060820889226469776
        ],
        [
          0.0370391591157997,
          0.0611389182528701,
          -0.9974417944756795
        ]
      ]
    },
    "23": {
      "center": [
        1.1439484238421807,
        0.39400337488952286,
        0.35019707736860156
      ],
      "rotation_matrix": [
        [
          0.9990053665860823,
          0.004950265931496511,
          0.044314471670269535
        ],
        [
          0.007910039748685819,
          -0.9977305961050568,
          -0.06686620123068637
        ],
        [
          0.043882898757737814,
          0.06715022310503443,
          -0.9967773767163672
        ]
      ]
    },
    "24": {
      "center": [
        1.1084101160889464,
        0.39482620099418747,
        0.34825287997636567
      ],
      "rotation_matrix": [
        [
          0.9987509368914534,
          0.006060423694311031,
          0.0495967471018943
        ],
        [
          0.009255056367351893,
          -0.997878777568616,
          -0.06443825889796889
        ],
        [
          0.0491010182183727,
          0.06481679213606567,
          -0.9966884535636544
        ]
      ]
    },
    "25": {
      "center": [
        1.0720288211223943,
        0.3943668757659137,
        0.34765933542160343
      ],
      "rotation_matrix": [
        [
          0.9989310877385705,
          0.006102319339427636,
          0.04581968625073765
        ],
        [
          0.0091272898991303,
          -0.997771062866905,
          -0.06610294005975992
        ],
        [
          0.045314175801106915,
          0.06645049137611103,
          -0.9967602307813748
        ]
      ]
    },
    "26": {
      "center": [
        1.0363420659419935,
        0.39582141549088246,
        0.3451657865085935
      ],
      "rotation_matrix": [
        [
          0.9988509334576409,
          0.006608288218380458,
          0.047467286183457205
        ],
        [
          0.009694379144054372,
          -0.9978328183727703,
          -0.06508214494978831
        ],
        [
          0.04693433438124735,
          0.06546752710372333,
          -0.9967503053177924
        ]
      ]
    },
    "27": {
      "center": [
        1.0012135757197922,
        0.3982978619646138,
        0.34163622515172176
      ],
      "rotation_matrix": [
        [
          0.9987868206181117,
          0.007978549812504048,
          0.0485924860699002
        ],
        [
          0.010957983590499782,
          -0.9980555220753173,
          -0.06136038991561277
        ],
        [
          0.04800843212597544,
          0.06181842442067814,
          -0.9969321305118772
        ]
      ]
    },
    "28": {
      "center": [
        0.965587685436543,
        0.39954889331421667,
        0.33926541179159075
      ],
      "rotation_matrix": [
        [
          0.9990969722155463,
          0.009799166004127566,
          0.04134267112018598
        ],
        [
          0.012193987231455775,
          -0.9982376012221785,
          -0.05807751872790623
        ],
        [
          0.04070069760000929,
          0.05852920511859672,
          -0.9974556558379215
        ]
      ]
    },
    "29": {
      "center": [
        0.9301216235964875,
        0.40156343431962704,
        0.3363467542660954
      ],
      "rotation_matrix": [
        [
          0.9991641174802824,
          0.01113707508691121,
          0.03933232637865842
        ],
        [
          0.013321421359014865,
          -0.9983576975895767,
          -0.055717568114691085
        ],
        [
          0.03864720006448577,
          0.05619495726618323,
          -0.9976715495116755
        ]
      ]
    },
    "30": {
      "center": [
        0.9303035060073616,
        0.3635917314323436,
        0.3399047235103776
      ],
      "rotation_matrix": [
        [
          0.9994440602546396,
          0.011140872270077453,
          0.03142373922343235
        ],
        [
          0.012968713577988431,
          -0.9981986671561687,
          -0.058576730497534424
        ],
        [
          0.030714538737421398,
          0.058951690838435655,
          -0.9977882116248101
        ]
      ]
    },
    "31": {
      "center": [
        0.9654196058605482,
        0.3603796397161817,
        0.34414829005165
      ],
      "rotation_matrix": [
        [
          0.9995665362215574,
          0.009636774746173762,
          0.02781855924611532
        ],
        [
          0.01133144942193657,
          -0.9980477732864922,
          -0.06141856797315154
        ],
        [
          0.027172374206833935,
          0.061707169845699905,
          -0.9977243543532441
        ]
      ]
    },
    "32": {
      "center": [
        1.0004129048041364,
        0.35782641408230953,
        0.34775936033089544
      ],
      "rotation_matrix": [
        [
          0.9995110867270758,
          0.008383438838453125,
          0.030121511630427773
        ],
        [
          0.010295912939048479,
          -0.9979026436697314,
          -0.06390859045318414
        ],
        [
          0.029522562328016415,
          0.06418747315639711,
          -0.9975010709785657
        ]
      ]
    },
    "33": {
      "center": [
        1.0366168377829608,
        0.3583788864095997,
        0.34826575745647964
      ],
      "rotation_matrix": [
        [
          0.9989189133990114,
          0.008428521262477397,
          0.0457161293535034
        ],
        [
          0.011360984702141953,
          -0.9978679084287615,
          -0.06426947451634152
        ],
        [
          0.0450769617469499,
          0.06471937389481575,
          -0.9968848831045273
        ]
      ]
    },
    "34": {
      "center": [
        1.0733865632202935,
        0.35938304609110633,
        0.3483279155298272
      ],
      "rotation_matrix": [
        [
          0.9985273109396207,
          0.007860092234969415,
          0.05367893681648028
        ],
        [
          0.011274809274219234,
          -0.9979111246025009,
          -0.06361026702036321
        ],
        [
          0.05306682564012935,
          0.06412180865064326,
          -0.996530132846895
        ]
      ]
    },
    "36": {
      "center": [
        1.145790119283389,
        0.3600555302578766,
        0.34969712423371396
      ],
      "rotation_matrix": [
        [
          0.9986951921207182,
          0.009746848931107775,
          0.05012895541377545
        ],
        [
          0.01276682769721069,
          -0.9980997773493328,
          -0.060281361678070855
        ],
        [
          0.04944614591160626,
          0.06084269381878832,
          -0.996921885236432
        ]
      ]
    },
    "39": {
      "center": [
        1.2567497001265155,
        0.3657340808768236,
        0.34677458200510924
      ],
      "rotation_matrix": [
        [
          0.9995358852673106,
          0.010198491161099244,
          0.028705484509598957
        ],
        [
          0.011781167082372954,
          -0.9983882279899549,
          -0.055517117299579255
        ],
        [
          0.02809302698306213,
          0.05582953509671207,
          -0.998045011432758
        ]
      ]
    },
    "40": {
      "center": [
        1.2605045698729527,
        0.3337854758238593,
        0.3436827546829265
      ],
      "rotation_matrix": [
        [
          0.9992071912639855,
          0.012819469840612021,
          0.03769151256374858
        ],
        [
          0.01473219999399577,
          -0.9985943149474831,
          -0.05091518867591627
        ],
        [
          0.03698582444227098,
          0.05143010157070366,
          -0.997991479644367
        ]
      ]
    },
    "42": {
      "center": [
        1.1844088640145967,
        0.326772575769399,
        0.3493015357412914
      ],
      "rotation_matrix": [
        [
          0.9988303116352594,
          0.011180561381152828,
          0.047042572270368524
        ],
        [
          0.013900535572452431,
          -0.9982258725375127,
          -0.05789544461803797
        ],
        [
          0.04631180917875652,
          0.05848164193936067,
          -0.9972136751402212
        ]
      ]
    },
    "44": {
      "center": [
        1.1088075991723478,
        0.32085001182607287,
        0.35377263655786545
      ],
      "rotation_matrix": [
        [
          0.9989483327757329,
          0.007129766502228437,
          0.04529232688003213
        ],
        [
          0.010127987833771463,
          -0.9977472307009411,
          -0.0663165702599473
        ],
        [
          0.04471747205537179,
          0.06670554743218338,
          -0.9967701428287017
        ]
      ]
    },
    "45": {
      "center": [
        1.0726412057149455,
        0.32046311214729206,
        0.35315170502074555
      ],
      "rotation_matrix": [
        [
          0.9990104446492248,
          0.007185380119916127,
          0.04389193313458073
        ],
        [
          0.01012072123183866,
          -0.9976999714459227,
          -0.06702490565866182
        ],
        [
          0.043309381010418535,
          0.06740279882421363,
          -0.9967854133298484
        ]
      ]
    },
    "46": {
      "center": [
        1.0368327032065432,
        0.3212023961140057,
        0.3512695704455291
      ],
      "rotation_matrix": [
        [
          0.9990792410861894,
          0.008213719967517647,
          0.042109438786799465
        ],
        [
          0.010978560102385166,
          -0.9977688999198329,
          -0.06585357675058218
        ],
        [
          0.04147458557625772,
          0.0662552424873814,
          -0.9969403701296362
        ]
      ]
    },
    "47": {
      "center": [
        1.0016233739486218,
        0.323037348843462,
        0.34818190002997895
      ],
      "rotation_matrix": [
        [
          0.9992077490600969,
          0.009408362908773425,
          0.03866984517205943
        ],
        [
          0.011844369648992258,
          -0.9979270021583346,
          -0.06325669348691298
        ],
        [
          0.037994540737746295,
          0.06366459825253012,
          -0.9972478296810036
        ]
      ]
    },
    "48": {
      "center": [
        0.966689326332516,
        0.326209112994662,
        0.34376874839115107
      ],
      "rotation_matrix": [
        [
          0.9992174952320662,
          0.011320700182626148,
          0.03789774359419598
        ],
        [
          0.013569252047457517,
          -0.9981294728241212,
          -0.05961066078072502
        ],
        [
          0.03715202041651173,
          0.06007825918930393,
          -0.9975020451867526
        ]
      ]
    },
    "49": {
      "center": [
        0.9312872161057042,
        0.328190292576898,
        0.3406926072055664
      ],
      "rotation_matrix": [
        [
          0.9992237013065175,
          0.0129128768526873,
          0.03721897847457958
        ],
        [
          0.015035569621268424,
          -0.9982421242807111,
          -0.057328814375472326
        ],
        [
          0.03641327221588133,
          0.057843918633860736,
          -0.9976613426827821
        ]
      ]
    },
    "50": {
      "center": [
        0.9319613947918274,
        0.29136928713034643,
        0.34296147600696986
      ],
      "rotation_matrix": [
        [
          0.9993119692204101,
          0.013665485130581525,
          0.03447959815561292
        ],
        [
          0.015545291000565176,
          -0.9983733763798501,
          -0.05485385368053941
        ],
        [
          0.03367390830501321,
          0.05535210792773959,
          -0.9978988987103963
        ]
      ]
    },
    "51": {
      "center": [
        0.9671624640085467,
        0.2888220708103486,
        0.3468151799482859
      ],
      "rotation_matrix": [
        [
          0.9993740201924196,
          0.010968738147608605,
          0.0336341277260279
        ],
        [
          0.012978248716352593,
          -0.9981066573529085,
          -0.06012208918575834
        ],
        [
          0.03291098334444073,
          0.06052096604692464,
          -0.9976242177513781
        ]
      ]
    },
    "52": {
      "center": [
        1.0020709481472405,
        0.2860863715912215,
        0.3509322291473548
      ],
      "rotation_matrix": [
        [
          0.9992838714414801,
          0.010451859434188328,
          0.03636623311941705
        ],
        [
          0.012797360716838376,
          -0.9978114215356773,
          -0.0648736819645247
        ],
        [
          0.0356085921599119,
          0.06529261587131546,
          -0.9972306164960391
        ]
      ]
    },
    "57": {
      "center": [
        1.1848706664080926,
        0.2903240711441013,
        0.3513452209362647
      ],
      "rotation_matrix": [
        [
          0.9990474786733994,
          0.011147055741049067,
          0.04218860633666139
        ],
        [
          0.013543359751879496,
          -0.9982853347839253,
          -0.056947061047759706
        ],
        [
          0.04148147493707295,
          0.0574641932306722,
          -0.9974854152985861
        ]
      ]
    },
    "58": {
      "center": [
        1.2230589811933332,
        0.29378304980895625,
        0.34839128431482025
      ],
      "rotation_matrix": [
        [
          0.9991849353653468,
          0.011948033157123459,
          0.03855787134456122
        ],
        [
          0.013949585566214269,
          -0.9985462158684812,
          -0.052065956605708286
        ],
        [
          0.03787973074717299,
          0.05256138581138159,
          -0.9978990062727333
        ]
      ]
    },
    "59": {
      "center": [
        1.2608365501842638,
        0.2969754048495428,
        0.3457321142073764
      ],
      "rotation_matrix": [
        [
          0.9993645621394692,
          0.013436052616997117,
          0.03301430644221602
        ],
        [
          0.015050901171327081,
          -0.9986774007616583,
          -0.04916217633373382
        ],
        [
          0.03231009615767502,
          0.04962783188908715,
          -0.9982450280308288
        ]
      ]
    },
    "60": {
      "center": [
        1.2661713460892696,
        0.2662033291197766,
        0.3404188351124041
      ],
      "rotation_matrix": [
        [
          0.998963733477343,
          0.017306853445282624,
          0.04209432290501679
        ],
        [
          0.01904967009075782,
          -0.9989626847781876,
          -0.04136018000673081
        ],
        [
          0.041334843249268505,
          0.042119202800853184,
          -0.9982571830390099
        ]
      ]
    },
    "62": {
      "center": [
        1.1848919903013582,
        0.2523141350869699,
        0.3548987432373564
      ],
      "rotation_matrix": [
        [
          0.9993093316192826,
          0.00850111301572565,
          0.036174449769367484
        ],
        [
          0.010685929196352865,
          -0.9981025890528159,
          -0.06063854090655735
        ],
        [
          0.03559031688301138,
          0.06098321739265283,
          -0.9975040734456211
        ]
      ]
    },
    "67": {
      "center": [
        1.0032104190181736,
        0.2509950392078812,
        0.3514967347876073
      ],
      "rotation_matrix": [
        [
          0.9990080091982585,
          0.012552822523662133,
          0.04272498337532375
        ],
        [
          0.01516185480577544,
          -0.998004218092269,
          -0.061300072013719564
        ],
        [
          0.041870224701819246,
          0.06188705290065166,
          -0.9972045311603288
        ]
      ]
    },
    "68": {
      "center": [
        0.9685216888635317,
        0.2546985917574815,
        0.34603688468482285
      ],
      "rotation_matrix": [
        [
          0.9988438662537187,
          0.012314803702075761,
          0.04646801542031857
        ],
        [
          0.014933232484798192,
          -0.9982949074840604,
          -0.05642939180025319
        ],
        [
          0.04569386627194717,
          0.05705806955348958,
          -0.9973246448794649
        ]
      ]
    },
    "69": {
      "center": [
        0.9333331501399986,
        0.256785538606485,
        0.34257065886611693
      ],
      "rotation_matrix": [
        [
          0.998766637083482,
          0.012017078289581809,
          0.04817462483854066
        ],
        [
          0.014608378048531425,
          -0.9984446692797866,
          -0.053803695761247494
        ],
        [
          0.04745313414036276,
          0.054441089410111554,
          -0.9973887746731948
        ]
      ]
    },
    "71": {
      "center": [
        0.9685525272449907,
        0.2163349442915424,
        0.35046304289032704
      ],
      "rotation_matrix": [
        [
          0.9992441400286071,
          0.011477150038546808,
          0.03714059296083697
        ],
        [
          0.01377397470189586,
          -0.9979693697188435,
          -0.062188541741109105
        ],
        [
          0.03635142692386945,
          0.0626531094995838,
          -0.9973731305938776
        ]
      ]
    },
    "72": {
      "center": [
        1.003586441134959,
        0.21425707747914177,
        0.35405758045882707
      ],
      "rotation_matrix": [
        [
          0.999060281106372,
          0.010135005940050616,
          0.04214067358565447
        ],
        [
          0.01290383950011854,
          -0.9977387871842232,
          -0.065960620633154
        ],
        [
          0.04137687327255067,
          0.06644241268008583,
          -0.9969319736849835
        ]
      ]
    },
    "73": {
      "center": [
        1.039497174335624,
        0.2135806217947177,
        0.35592432176695055
      ],
      "rotation_matrix": [
        [
          0.998893196859463,
          0.010041641644726098,
          0.04595156908051652
        ],
        [
          0.01312264378518325,
          -0.997650102047932,
          -0.06724633896234233
        ],
        [
          0.04516832394466028,
          0.06777491657560308,
          -0.9966776726681503
        ]
      ]
    },
    "74": {
      "center": [
        1.0758806064822213,
        0.21368292290554963,
        0.3567588165808801
      ],
      "rotation_matrix": [
        [
          0.9987696279340407,
          0.009962590527643788,
          0.04857959557753611
        ],
        [
          0.013178015190463833,
          -0.9977110849222741,
          -0.06632443696601603
        ],
        [
          0.04780763780127992,
          0.06688301587994994,
          -0.9966148162427972
        ]
      ]
    },
    "75": {
      "center": [
        1.1125274244996397,
        0.21471849223861728,
        0.3564126657874472
      ],
      "rotation_matrix": [
        [
          0.9987608598053656,
          0.010301386086817903,
          0.048689078503680316
        ],
        [
          0.01339574127809221,
          -0.9978816954782529,
          -0.06366063104507874
        ],
        [
